1 1971 0 0 
300 1971 0 0 
100 2639 0 0 
3 2639 0 0 
1 2861 0 0 
300 2861 0 0 
202 3474 0 0 
1 3696 0 0 
3 3696 0 0 
2 3919 0 0 
3 3919 0 0 
1 4142 0 0 
2 4142 0 0 
1 4364 0 0 
3 4364 0 0 
3 4587 0 0 
1 4810 0 0 
1 5255 0 0 
300 5255 0 0 
1 5339 0 0 
300 5339 0 0 
1 5422 0 0 
300 5422 0 0 
10 6062 0 0 
30 6062 0 0 
10 6285 0 0 
30 6285 0 0 
100 6925 0 0 
300 6925 0 0 
10 7148 0 0 
30 7259 0 0 
10 7371 0 0 
30 7482 0 0 
300 7649 0 0 
200 7816 0 0 
100 8039 0 0 
1 8874 0 0 
20 8874 0 0 
300 8874 0 0 
1 9514 0 0 
3 9514 0 0 
1 9737 0 0 
3 9737 0 0 
10 10405 0 0 
30 10405 0 0 
10 10627 0 0 
30 10627 0 0 
202 10822 0 0 
10 11017 0 0 
30 11017 0 0 
202 11240 0 0 
10 11490 0 0 
30 11490 0 0 
10 11657 0 0 
30 11657 0 0 
20 12103 0 0 
20 12214 0 0 
20 12297 0 0 
30 12938 0 0 
10 13188 0 0 
100 13828 0 0 
300 13828 0 0 
100 14107 0 0 
300 14107 0 0 
100 14218 0 0 
300 14218 0 0 
200 14357 0 0 
100 14441 0 0 
300 14441 0 0 
200 14552 0 0 
100 14747 0 0 
300 14747 0 0 
200 14886 1 15082 
