1 1871 0 0 
300 1871 0 0 
100 2539 0 0 
3 2539 0 0 
1 2761 0 0 
300 2761 0 0 
202 3374 0 0 
1 3596 0 0 
3 3596 0 0 
2 3819 0 0 
3 3819 0 0 
1 4042 0 0 
2 4042 0 0 
1 4264 0 0 
3 4264 0 0 
3 4487 0 0 
1 4710 0 0 
1 5155 0 0 
300 5155 0 0 
1 5239 0 0 
300 5239 0 0 
1 5322 0 0 
300 5322 0 0 
10 5962 0 0 
30 5962 0 0 
10 6185 0 0 
30 6185 0 0 
100 6825 0 0 
300 6825 0 0 
10 7048 0 0 
30 7159 0 0 
10 7271 0 0 
30 7382 0 0 
300 7549 0 0 
200 7716 0 0 
100 7939 0 0 
1 8774 0 0 
20 8774 0 0 
300 8774 0 0 
1 9414 0 0 
3 9414 0 0 
1 9637 0 0 
3 9637 0 0 
10 10305 0 0 
30 10305 0 0 
10 10527 0 0 
30 10527 0 0 
202 10722 0 0 
10 10917 0 0 
30 10917 0 0 
202 11140 0 0 
10 11390 0 0 
30 11390 0 0 
10 11557 0 0 
30 11557 0 0 
20 12003 0 0 
20 12114 0 0 
20 12197 0 0 
30 12838 0 0 
10 13088 0 0 
100 13728 0 0 
300 13728 0 0 
100 14007 0 0 
300 14007 0 0 
100 14118 0 0 
300 14118 0 0 
200 14257 0 0 
100 14341 0 0 
300 14341 0 0 
200 14452 0 0 
100 14647 0 0 
300 14647 0 0 
200 14786 1 14982 
