osu file format v14

[General]
AudioFilename: audio.mp3
AudioLeadIn: 0
PreviewTime: -1
Countdown: 0
SampleSet: Normal
StackLeniency: 0.7
Mode: 3
LetterboxInBreaks: 0
SpecialStyle: 0
WidescreenStoryboard: 0

[Editor]
DistanceSpacing: 0.5
BeatDivisor: 1
GridSize: 4
TimelineZoom: 1.3

[Metadata]
Title:666
TitleUnicode:666
Artist:RoughSketch
ArtistUnicode:RoughSketch
Creator:Temple
Version:Easy
Source:Sound Voltex
Tags:
BeatmapID:0
BeatmapSetID:-1

[Difficulty]
HPDrainRate:5
CircleSize:9
OverallDifficulty:5
ApproachRate:5
SliderMultiplier:1.4
SliderTickRate:1

[Events]
//Background and Video events
//Break Periods
2,64363,68729
//Storyboard Layer 0 (Background)
//Storyboard Layer 1 (Fail)
//Storyboard Layer 2 (Pass)
//Storyboard Layer 3 (Foreground)
//Storyboard Layer 4 (Overlay)
//Storyboard Sound Samples

[TimingPoints]
740,90.0900900900901,4,1,0,100,1,0


[HitObjects]
28,192,726,5,0,0:0:0:0:
28,192,1087,1,0,0:0:0:0:
28,192,1447,1,0,0:0:0:0:
28,192,1807,1,0,0:0:0:0:
28,192,2168,1,0,0:0:0:0:
28,192,2528,1,0,0:0:0:0:
142,192,3609,1,0,0:0:0:0:
142,192,3969,1,0,0:0:0:0:
142,192,4330,1,0,0:0:0:0:
142,192,4690,1,0,0:0:0:0:
142,192,5051,1,0,0:0:0:0:
142,192,5411,1,0,0:0:0:0:
256,192,6492,128,0,7033:0:0:0:0:
199,192,7033,128,0,8834:0:0:0:0:
426,192,9375,128,0,10636:0:0:0:0:
369,192,10636,1,0,0:0:0:0:
369,192,10816,1,0,0:0:0:0:
256,192,12271,1,0,0:0:0:0:
256,192,12451,1,0,0:0:0:0:
256,192,13712,1,0,0:0:0:0:
256,192,13893,1,0,0:0:0:0:
199,192,14433,1,0,0:0:0:0:
312,192,14433,1,0,0:0:0:0:
28,192,15154,1,0,0:0:0:0:
28,192,15514,1,0,0:0:0:0:
199,192,15875,1,0,0:0:0:0:
199,192,16235,1,0,0:0:0:0:
369,192,16595,1,0,0:0:0:0:
369,192,16956,1,0,0:0:0:0:
256,192,17316,128,0,17676:0:0:0:0:
142,192,18037,1,0,0:0:0:0:
142,192,18397,1,0,0:0:0:0:
312,192,18758,1,0,0:0:0:0:
312,192,19118,1,0,0:0:0:0:
483,192,19478,1,0,0:0:0:0:
483,192,19839,1,0,0:0:0:0:
256,192,20199,128,0,20559:0:0:0:0:
85,192,20920,1,0,0:0:0:0:
85,192,21280,1,0,0:0:0:0:
256,192,21640,1,0,0:0:0:0:
256,192,22001,1,0,0:0:0:0:
426,192,22361,1,0,0:0:0:0:
426,192,22721,1,0,0:0:0:0:
256,192,23082,128,0,23442:0:0:0:0:
426,192,23803,1,0,0:0:0:0:
256,192,24163,1,0,0:0:0:0:
85,192,24523,1,0,0:0:0:0:
256,192,24884,1,0,0:0:0:0:
199,192,25244,128,0,25965:0:0:0:0:
312,192,25244,128,0,25965:0:0:0:0:
483,192,26685,1,0,0:0:0:0:
426,192,27046,1,0,0:0:0:0:
369,192,27406,1,0,0:0:0:0:
312,192,27767,1,0,0:0:0:0:
256,192,28127,1,0,0:0:0:0:
199,192,28487,1,0,0:0:0:0:
85,192,28848,1,0,0:0:0:0:
85,192,29208,1,0,0:0:0:0:
28,192,29568,1,0,0:0:0:0:
85,192,29929,1,0,0:0:0:0:
142,192,30289,1,0,0:0:0:0:
199,192,30649,1,0,0:0:0:0:
256,192,31010,1,0,0:0:0:0:
312,192,31370,1,0,0:0:0:0:
426,192,31730,1,0,0:0:0:0:
426,192,32091,1,0,0:0:0:0:
256,192,32812,1,0,0:0:0:0:
199,192,33172,1,0,0:0:0:0:
142,192,33532,1,0,0:0:0:0:
85,192,33893,1,0,0:0:0:0:
28,192,34253,1,0,0:0:0:0:
426,192,34613,1,0,0:0:0:0:
426,192,34974,1,0,0:0:0:0:
199,192,35334,1,0,0:0:0:0:
256,192,35694,1,0,0:0:0:0:
312,192,36055,1,0,0:0:0:0:
369,192,36415,1,0,0:0:0:0:
426,192,36776,1,0,0:0:0:0:
426,192,37046,1,0,0:0:0:0:
426,192,38217,1,0,0:0:0:0:
256,192,38938,1,0,0:0:0:0:
85,192,39658,128,0,40379:0:0:0:0:
28,192,41100,128,0,41821:0:0:0:0:
199,192,41821,128,0,42541:0:0:0:0:
369,192,42541,128,0,43262:0:0:0:0:
426,192,43262,128,0,43983:0:0:0:0:
483,192,43983,128,0,44703:0:0:0:0:
312,192,44703,128,0,45424:0:0:0:0:
142,192,45424,128,0,46145:0:0:0:0:
199,192,46866,1,0,0:0:0:0:
312,192,46866,1,0,0:0:0:0:
142,192,47586,128,0,48307:0:0:0:0:
312,192,48307,128,0,49028:0:0:0:0:
483,192,49028,128,0,49749:0:0:0:0:
256,192,50109,1,0,0:0:0:0:
256,192,50830,1,0,0:0:0:0:
256,192,51550,1,0,0:0:0:0:
256,192,52271,1,0,0:0:0:0:
199,192,52631,128,0,53352:0:0:0:0:
312,192,52631,128,0,53352:0:0:0:0:
28,192,53712,1,0,0:0:0:0:
28,192,54433,1,0,0:0:0:0:
142,192,55154,1,0,0:0:0:0:
142,192,55875,1,0,0:0:0:0:
369,192,56595,1,0,0:0:0:0:
369,192,57316,1,0,0:0:0:0:
483,192,58037,1,0,0:0:0:0:
256,192,58397,128,0,58758:0:0:0:0:
142,192,59478,1,0,0:0:0:0:
142,192,60199,1,0,0:0:0:0:
28,192,60920,1,0,0:0:0:0:
28,192,61640,1,0,0:0:0:0:
483,192,62361,1,0,0:0:0:0:
483,192,63082,1,0,0:0:0:0:
369,192,63803,1,0,0:0:0:0:
256,192,64163,1,0,0:0:0:0:
85,192,64163,1,0,0:0:0:0:
426,192,69929,5,0,0:0:0:0:
426,192,70649,1,0,0:0:0:0:
256,192,71370,1,0,0:0:0:0:
256,192,72091,1,0,0:0:0:0:
85,192,72812,128,0,74253:0:0:0:0:
28,192,75694,1,0,0:0:0:0:
28,192,75875,1,0,0:0:0:0:
199,192,76415,1,0,0:0:0:0:
199,192,76595,1,0,0:0:0:0:
369,192,77136,1,0,0:0:0:0:
369,192,77316,1,0,0:0:0:0:
256,192,77857,1,0,0:0:0:0:
256,192,78037,1,0,0:0:0:0:
256,192,78217,1,0,0:0:0:0:
142,192,78577,1,0,0:0:0:0:
142,192,78758,1,0,0:0:0:0:
312,192,79298,1,0,0:0:0:0:
312,192,79478,1,0,0:0:0:0:
483,192,80019,1,0,0:0:0:0:
483,192,80199,1,0,0:0:0:0:
256,192,80740,1,0,0:0:0:0:
256,192,80920,1,0,0:0:0:0:
256,192,81100,1,0,0:0:0:0:
369,192,81460,128,0,85785:0:0:0:0:
426,192,82902,128,0,85785:0:0:0:0:
483,192,84343,128,0,85785:0:0:0:0:
28,192,88667,1,0,0:0:0:0:
28,192,89028,1,0,0:0:0:0:
85,192,89388,1,0,0:0:0:0:
85,192,89749,1,0,0:0:0:0:
142,192,90109,1,0,0:0:0:0:
142,192,90469,1,0,0:0:0:0:
28,192,90830,1,0,0:0:0:0:
85,192,91010,1,0,0:0:0:0:
142,192,91190,1,0,0:0:0:0:
483,192,91550,1,0,0:0:0:0:
483,192,91911,1,0,0:0:0:0:
426,192,92271,1,0,0:0:0:0:
426,192,92631,1,0,0:0:0:0:
369,192,92992,1,0,0:0:0:0:
369,192,93352,1,0,0:0:0:0:
483,192,93712,1,0,0:0:0:0:
426,192,93893,1,0,0:0:0:0:
369,192,94073,1,0,0:0:0:0:
199,192,94794,1,0,0:0:0:0:
256,192,95154,1,0,0:0:0:0:
256,192,95514,1,0,0:0:0:0:
312,192,95875,1,0,0:0:0:0:
312,192,96235,1,0,0:0:0:0:
199,192,96595,1,0,0:0:0:0:
256,192,96776,1,0,0:0:0:0:
312,192,96956,1,0,0:0:0:0:
312,192,97316,1,0,0:0:0:0:
312,192,97676,1,0,0:0:0:0:
256,192,98037,1,0,0:0:0:0:
256,192,98397,1,0,0:0:0:0:
199,192,98758,1,0,0:0:0:0:
199,192,99118,1,0,0:0:0:0:
199,192,99478,1,0,0:0:0:0:
256,192,99478,1,0,0:0:0:0:
312,192,99478,1,0,0:0:0:0:
28,192,100199,1,0,0:0:0:0:
369,192,100559,1,0,0:0:0:0:
85,192,100920,1,0,0:0:0:0:
426,192,101280,1,0,0:0:0:0:
142,192,101640,1,0,0:0:0:0:
483,192,102001,1,0,0:0:0:0:
256,192,102361,128,0,102721:0:0:0:0:
142,192,103082,1,0,0:0:0:0:
483,192,103442,1,0,0:0:0:0:
85,192,103803,1,0,0:0:0:0:
426,192,104163,1,0,0:0:0:0:
28,192,104523,1,0,0:0:0:0:
369,192,104884,1,0,0:0:0:0:
256,192,105244,128,0,105604:0:0:0:0:
28,192,105965,1,0,0:0:0:0:
85,192,106325,1,0,0:0:0:0:
142,192,106685,1,0,0:0:0:0:
256,192,107046,128,0,107406:0:0:0:0:
483,192,107406,1,0,0:0:0:0:
426,192,107767,1,0,0:0:0:0:
369,192,108127,1,0,0:0:0:0:
256,192,108487,128,0,108848:0:0:0:0:
28,192,108848,1,0,0:0:0:0:
142,192,109208,1,0,0:0:0:0:
199,192,109568,1,0,0:0:0:0:
312,192,109929,1,0,0:0:0:0:
369,192,110289,1,0,0:0:0:0:
483,192,110649,1,0,0:0:0:0:
256,192,111010,1,0,0:0:0:0:
85,192,111730,128,0,113893:0:0:0:0:
256,192,111730,128,0,113893:0:0:0:0:
426,192,113893,1,0,0:0:0:0:
426,192,114253,1,0,0:0:0:0:
426,192,114613,128,0,116055:0:0:0:0:
256,192,114613,128,0,116055:0:0:0:0:
85,192,116055,1,0,0:0:0:0:
85,192,116235,1,0,0:0:0:0:
256,192,116415,1,0,0:0:0:0:
256,192,116776,1,0,0:0:0:0:
256,192,117136,1,0,0:0:0:0:
199,192,117496,1,0,0:0:0:0:
312,192,117496,1,0,0:0:0:0:
