1 876 0 0 
1 1237 0 0 
1 1597 0 0 
1 1957 0 0 
1 2318 0 0 
1 2678 0 0 
3 3759 0 0 
3 4119 0 0 
3 4480 0 0 
3 4840 0 0 
3 5201 0 0 
3 5561 0 0 
20 6642 1 7183 
10 7183 1 8984 
200 9525 1 10786 
100 10786 0 0 
100 10966 0 0 
20 12421 0 0 
20 12601 0 0 
20 13862 0 0 
20 14043 0 0 
10 14583 0 0 
30 14583 0 0 
1 15304 0 0 
1 15664 0 0 
10 16025 0 0 
10 16385 0 0 
100 16745 0 0 
100 17106 0 0 
20 17466 1 17826 
3 18187 0 0 
3 18547 0 0 
30 18908 0 0 
30 19268 0 0 
300 19628 0 0 
300 19989 0 0 
20 20349 1 20709 
2 21070 0 0 
2 21430 0 0 
20 21790 0 0 
20 22151 0 0 
200 22511 0 0 
200 22871 0 0 
20 23232 1 23592 
200 23953 0 0 
20 24313 0 0 
2 24673 0 0 
20 25034 0 0 
10 25394 1 26115 
30 25394 1 26115 
300 26835 0 0 
200 27196 0 0 
100 27556 0 0 
30 27917 0 0 
20 28277 0 0 
10 28637 0 0 
2 28998 0 0 
2 29358 0 0 
1 29718 0 0 
2 30079 0 0 
3 30439 0 0 
10 30799 0 0 
20 31160 0 0 
30 31520 0 0 
200 31880 0 0 
200 32241 0 0 
20 32962 0 0 
10 33322 0 0 
3 33682 0 0 
2 34043 0 0 
1 34403 0 0 
200 34763 0 0 
200 35124 0 0 
10 35484 0 0 
20 35844 0 0 
30 36205 0 0 
100 36565 0 0 
200 36926 0 0 
200 37196 0 0 
200 38367 0 0 
20 39088 0 0 
2 39808 1 40529 
1 41250 1 41971 
10 41971 1 42691 
100 42691 1 43412 
200 43412 1 44133 
300 44133 1 44853 
30 44853 1 45574 
3 45574 1 46295 
10 47016 0 0 
30 47016 0 0 
3 47736 1 48457 
30 48457 1 49178 
300 49178 1 49899 
20 50259 0 0 
20 50980 0 0 
20 51700 0 0 
20 52421 0 0 
10 52781 1 53502 
30 52781 1 53502 
1 53862 0 0 
1 54583 0 0 
3 55304 0 0 
3 56025 0 0 
100 56745 0 0 
100 57466 0 0 
300 58187 0 0 
20 58547 1 58908 
3 59628 0 0 
3 60349 0 0 
1 61070 0 0 
1 61790 0 0 
300 62511 0 0 
300 63232 0 0 
100 63953 0 0 
22 64313 0 0 
200 70079 0 0 
200 70799 0 0 
20 71520 0 0 
20 72241 0 0 
2 72962 1 74403 
1 75844 0 0 
1 76025 0 0 
10 76565 0 0 
10 76745 0 0 
100 77286 0 0 
100 77466 0 0 
20 78007 0 0 
20 78187 0 0 
20 78367 0 0 
3 78727 0 0 
3 78908 0 0 
30 79448 0 0 
30 79628 0 0 
300 80169 0 0 
300 80349 0 0 
20 80890 0 0 
20 81070 0 0 
20 81250 0 0 
100 81610 1 85935 
200 83052 1 85935 
300 84493 1 85935 
1 88817 0 0 
1 89178 0 0 
2 89538 0 0 
2 89899 0 0 
3 90259 0 0 
3 90619 0 0 
1 90980 0 0 
2 91160 0 0 
3 91340 0 0 
300 91700 0 0 
300 92061 0 0 
200 92421 0 0 
200 92781 0 0 
100 93142 0 0 
100 93502 0 0 
300 93862 0 0 
200 94043 0 0 
100 94223 0 0 
10 94944 0 0 
20 95304 0 0 
20 95664 0 0 
30 96025 0 0 
30 96385 0 0 
10 96745 0 0 
20 96926 0 0 
30 97106 0 0 
30 97466 0 0 
30 97826 0 0 
20 98187 0 0 
20 98547 0 0 
10 98908 0 0 
10 99268 0 0 
10 99628 0 0 
20 99628 0 0 
30 99628 0 0 
1 100349 0 0 
100 100709 0 0 
2 101070 0 0 
200 101430 0 0 
3 101790 0 0 
300 102151 0 0 
20 102511 1 102871 
3 103232 0 0 
300 103592 0 0 
2 103953 0 0 
200 104313 0 0 
1 104673 0 0 
100 105034 0 0 
20 105394 1 105754 
1 106115 0 0 
2 106475 0 0 
3 106835 0 0 
20 107196 1 107556 
300 107556 0 0 
200 107917 0 0 
100 108277 0 0 
20 108637 1 108998 
1 108998 0 0 
3 109358 0 0 
10 109718 0 0 
30 110079 0 0 
100 110439 0 0 
300 110799 0 0 
20 111160 0 0 
22 111880 1 114043 
200 114043 0 0 
200 114403 0 0 
220 114763 1 116205 
2 116205 0 0 
2 116385 0 0 
20 116565 0 0 
20 116926 0 0 
20 117286 0 0 
10 117646 0 0 
30 117646 0 0 
